A,WAAA,SULTAN HASANUDDIN,-5.060833,119.554444,44,11000,13000,10100,0
R,03,29,10171,148,1,110.500,29,-5.092286,119.544031,38,3.00,52,1,0
R,13,130,8202,148,1,111.300,130,-5.054289,119.545478,44,2.90,50,1,0
R,21,209,10171,148,1,110.100,209,-5.068031,119.558014,41,3.00,52,1,0
R,31,310,8202,148,0,0.000,0,-5.068972,119.562608,36,3.00,52,1,0

A,WABA,WAGHETE BARU,-4.067500,136.273611,1779,18000,18000,4500,0
R,04,40,4593,75,0,0.000,0,-4.067500,136.273611,1779,3.00,40,1,0
R,22,220,4593,75,0,0.000,0,-4.067500,136.273611,1779,3.00,40,1,0

A,WABB,FRANS KAISIEPO,-1.191944,136.110000,38,18000,18000,11700,0
R,11,107,11713,148,1,110.500,107,-1.184758,136.092722,38,3.00,52,1,0
R,29,287,11713,148,0,0.000,0,-1.195339,136.123000,27,3.00,50,1,0

A,WABD,MOANAMANI,-4.008889,136.036944,5113,18000,18000,3100,0
R,03,28,3150,59,0,0.000,0,-4.010375,136.035556,5113,3.00,40,1,0
R,21,208,3150,59,0,0.000,0,-4.002861,136.039889,5113,3.00,40,1,0

A,WABF,NUMFOR,-0.936389,134.866389,23,11000,13000,5700,0
R,09,89,5758,98,0,0.000,0,-0.935578,134.864233,23,3.00,50,1,0
R,27,269,5758,98,0,0.000,0,-0.935925,134.879906,23,3.00,50,1,0

A,WABI,NABIRE,-3.368056,135.497222,25,18000,18000,4500,0
R,16,159,4590,95,0,0.000,0,-3.362106,135.494494,18,3.00,50,1,0
R,34,339,4590,95,0,0.000,0,-3.374044,135.498672,25,3.00,40,1,0

A,WABO,STEVANUS RUMBEWAS,-1.830000,136.069444,75,18000,18000,3000,0
R,10,101,3035,59,0,0.000,0,-1.828128,136.061139,66,3.00,40,1,0
R,28,281,3035,59,0,0.000,0,-1.829992,136.069264,75,3.00,40,1,0

A,WABS,SINAK,-3.821944,137.838056,7299,18000,18000,3600,0
R,17,165,3609,75,0,0.000,0,-3.817300,137.838222,7290,3.00,40,1,0
R,35,345,3609,75,0,0.000,0,-3.827000,137.840397,7299,3.00,40,1,0

A,WADB,SULTAN MUHAMMAD SALA,-8.540556,118.690278,7,11000,13000,7200,0
R,14,137,7218,98,0,0.000,0,-8.530306,118.678911,7,3.00,50,1,0
R,32,317,7218,98,0,0.000,0,-8.545125,118.692261,4,3.00,50,1,0

A,WADD,I GUSTI NGURAH RAI,-8.747500,115.169167,14,11000,13000,9800,0
R,09,87,9843,148,0,0.000,0,-8.748944,115.153822,11,3.00,50,1,0
R,27,267,9843,148,1,110.300,267,-8.747881,115.181075,12,3.00,60,1,0

A,WADE,LETKOL WISNU,-8.140556,114.617500,72,11000,13000,2900,0
R,14,140,2953,59,0,0.000,0,-8.135778,114.612717,25,3.00,40,1,0
R,32,320,2953,59,0,0.000,0,-8.142758,114.618361,72,3.00,40,1,0

A,WADL,ZAINUDDIN ABDUL MADJ,-8.757222,116.276667,343,11000,13000,10800,0
R,13,128,10827,148,1,109.900,128,-8.749406,116.265556,307,3.00,52,1,0
R,31,308,10827,148,0,0.000,0,-8.768153,116.288861,343,3.00,50,1,0

A,WADS,SULTAN MUHAMMAD KAHA,-8.488611,117.414167,38,11000,13000,5900,0
R,14,139,5906,98,0,0.000,0,-8.481489,117.406036,20,3.00,50,1,0
R,32,319,5906,98,0,0.000,0,-8.494011,117.416467,38,3.00,40,1,0

A,WADY,BANYUWANGI,-8.310556,114.340278,124,11000,13000,8000,0
R,08,80,8038,148,0,0.000,0,-8.311850,114.328733,124,3.00,50,1,0
R,26,260,8038,148,0,0.000,0,-8.308533,114.350700,53,3.00,50,1,0

A,WAEB,MARIMOI,1.101944,127.703333,114,11000,13000,3000,0
R,15,150,3018,75,0,0.000,0,1.101944,127.703333,114,3.00,40,1,0
R,33,330,3018,75,0,0.000,0,1.101944,127.703333,114,3.00,40,1,0

A,WAEE,SULTAN BABULLAH,0.831111,127.380278,81,11000,13000,7500,0
R,14,141,7546,148,0,0.000,0,0.839828,127.374642,81,3.00,50,1,0
R,32,321,7546,148,0,0.000,0,0.823483,127.387783,61,3.00,50,1,0

A,WAEG,GAMAR MALAMO,1.836667,127.786944,157,11000,13000,4500,0
R,04,35,4593,98,0,0.000,0,1.832869,127.782583,157,3.00,40,1,0
R,22,215,4593,98,0,0.000,0,1.843375,127.789792,121,3.00,50,1,0

A,WAEH,WEDA BAY,0.468056,127.946111,11,18000,18000,5400,0
R,09,90,5413,98,0,0.000,0,0.468014,127.940822,11,3.00,40,1,0
R,27,270,5413,98,0,0.000,0,0.467867,127.955647,11,3.00,40,1,0

A,WAEJ,GEBE I,-0.080278,129.456944,125,11000,13000,2900,0
R,18,180,2953,75,0,0.000,0,-0.080278,129.456944,125,3.00,40,1,0
R,36,360,2953,75,0,0.000,0,-0.080278,129.456944,125,3.00,40,1,0

A,WAEK,KUABANG,1.186944,127.895000,40,11000,13000,7800,0
R,18,182,7874,98,0,0.000,0,1.199550,127.896397,40,3.00,50,1,0
R,36,2,7874,98,0,0.000,0,1.177792,127.895675,30,3.00,50,1,0

A,WAEL,OESMAN SADIK,-0.637222,127.501944,67,11000,13000,5400,0
R,06,61,5413,98,0,0.000,0,-0.637281,127.499039,62,3.00,50,1,0
R,24,241,5413,98,0,0.000,0,-0.631111,127.510000,67,3.00,40,1,0

A,WAEM,BULI,0.919444,128.382500,8,11000,13000,4900,0
R,07,73,4921,75,0,0.000,0,0.915183,128.375656,5,3.00,40,1,0
R,25,253,4921,75,0,0.000,0,0.919097,128.388539,8,3.00,50,1,0

A,WAEO,FALABISAHAYA,-1.782222,125.482222,10,11000,13000,3600,0
R,11,110,3609,98,0,0.000,0,-1.780503,125.477172,10,3.00,40,2,0
R,29,290,3609,98,0,0.000,0,-1.783858,125.487061,10,3.00,40,2,0

A,WAES,EMALAMO,-2.097778,125.963889,11,11000,13000,3600,0
R,18,179,3609,75,0,0.000,0,-2.095225,125.966147,11,3.00,40,1,0
R,36,359,3609,75,0,0.000,0,-2.105100,125.965600,11,3.00,40,1,0

A,WAEW,PITU,2.050000,128.316667,94,11000,13000,7800,0
R,09,89,7874,148,0,0.000,0,2.045817,128.313847,73,3.00,50,1,0
R,27,269,7874,148,0,0.000,0,2.046339,128.335428,94,3.00,50,1,0

A,WAFB,TORAJA,-3.185556,119.917222,3029,11000,13000,6500,0
R,04,39,6562,98,0,0.000,0,-3.190275,119.914183,3025,3.00,50,1,0
R,22,219,6562,98,0,0.000,0,-3.177394,119.924781,3017,3.00,40,1,0

A,WAFC,TENTENA,-2.250000,120.633333,1755,11000,13000,2100,0
R,03,30,2142,59,0,0.000,0,-2.250000,120.633333,1755,3.00,40,2,0
R,21,210,2142,59,0,0.000,0,-2.250000,120.633333,1755,3.00,40,2,0

A,WAFD,BUA,-3.084444,120.245000,24,11000,13000,5400,0
R,17,165,5413,98,0,0.000,0,-3.074808,120.242914,13,3.00,50,1,0
R,35,345,5413,98,0,0.000,0,-3.089283,120.246661,24,3.00,50,1,0

A,WAFF,MUTIARA SIS AL JUFRI,-0.916667,119.910278,284,11000,13000,6800,0
R,15,156,6890,148,0,0.000,0,-0.909786,119.905739,284,3.00,50,1,0
R,33,336,6890,148,0,0.000,0,-0.927100,119.913456,220,3.00,50,1,0

A,WAFJ,TAMPA PADANG,-2.592778,119.015833,11,11000,13000,7300,0
R,05,53,7349,148,0,0.000,0,-2.596319,119.016614,9,3.00,50,1,0
R,23,233,7349,148,0,0.000,0,-2.584192,119.032772,11,3.00,50,1,0

A,WAFK,RAMPI,-2.123889,120.293889,3220,11000,13000,3200,0
R,12,117,3284,75,0,0.000,0,-2.123983,120.293892,3200,3.00,40,1,0
R,30,297,3284,75,0,0.000,0,-2.128167,120.301867,3220,3.00,40,1,0

A,WAFL,SULTAN BANTILAN,1.123056,120.793056,16,11000,13000,4500,0
R,11,112,4593,98,0,0.000,0,1.125969,120.787383,12,3.00,50,1,0
R,29,292,4593,98,0,0.000,0,1.121275,120.799064,16,3.00,40,1,0

A,WAFM,ANDI JEMMA,-2.554167,120.324444,146,11000,13000,4500,0
R,02,19,4593,98,0,0.000,0,-2.566278,120.321556,135,3.00,40,1,0
R,20,199,4593,98,0,0.000,0,-2.554444,120.325556,146,3.00,40,1,0

A,WAFN,SEKO,-2.271944,119.895000,3510,11000,13000,3100,0
R,09,94,3120,75,0,0.000,0,-2.270556,119.893611,3521,3.00,40,1,0
R,27,274,3120,75,0,0.000,0,-2.271389,119.902500,3529,3.00,40,1,0

A,WAFO,MOROWALI,-2.202222,121.661667,20,11000,13000,4900,0
R,05,48,4921,98,0,0.000,0,-2.205528,121.657956,20,3.00,40,1,0
R,23,228,4921,98,0,0.000,0,-2.196539,121.668050,15,3.00,40,1,0

A,WAFP,KASIGUNCU,-1.416944,120.659167,21,11000,13000,6000,0
R,03,33,6070,98,0,0.000,0,-1.421111,120.654728,21,3.00,40,1,0
R,21,213,6070,98,0,0.000,0,-1.407064,120.663783,7,3.00,40,1,0

A,WAFS,SUMARORONG,-3.147778,119.303333,3033,11000,13000,3700,0
R,17,168,3773,98,0,0.000,0,-3.144064,119.300978,3027,3.00,40,1,0
R,35,348,3773,98,0,0.000,0,-3.154242,119.303089,3033,3.00,40,1,0

A,WAFU,TANJUNG API,-0.863889,121.625000,104,11000,13000,6900,0
R,12,120,6923,98,0,0.000,0,-0.860597,121.620450,104,3.00,50,1,0
R,30,300,6923,98,0,0.000,0,-0.870264,121.636811,102,3.00,50,1,0

A,WAFW,SYUKURAN AMINUDDIN A,-1.040556,122.772500,62,11000,13000,7300,0
R,04,35,7382,148,0,0.000,0,-1.043658,122.768508,62,3.00,50,1,0
R,22,215,7382,148,0,0.000,0,-1.027058,122.780172,56,3.00,50,1,0

A,WAFY,POGOGUL,1.105278,121.415556,12,11000,13000,5000,0
R,06,63,5072,98,0,0.000,0,1.099142,121.407147,12,3.00,40,1,0
R,24,243,5072,98,0,0.000,0,1.105475,121.419539,12,3.00,40,1,0

A,WAGA,KUALA KURUN,-1.126389,113.874722,127,11000,13000,3900,0
R,05,53,3937,98,0,0.000,0,-1.132125,113.868844,118,3.00,40,1,0
R,23,233,3937,98,0,0.000,0,-1.125639,113.877322,119,3.00,40,1,0

A,WAGB,HAJI MUHAMMAD SIDIK,-1.021944,114.926389,145,11000,13000,4500,0
R,14,136,4593,98,0,0.000,0,-1.021242,114.924436,135,3.00,50,1,0
R,32,316,4593,98,0,0.000,0,-1.030350,114.933172,145,3.00,50,1,0

A,WAGF,KUALA PEMBUANG,-3.378056,112.541667,13,11000,13000,3900,0
R,10,101,3937,98,0,0.000,0,-3.375006,112.531231,10,3.00,40,1,0
R,28,281,3937,98,0,0.000,0,-3.377092,112.541833,13,3.00,40,1,0

A,WAGG,TJILIK RIWUT,-2.226667,113.944444,40,11000,13000,8200,0
R,16,158,8202,148,0,0.000,0,-2.216986,113.939506,40,3.00,50,1,0
R,34,338,8202,148,1,111.700,338,-2.238133,113.947581,39,3.00,50,1,0

A,WAGI,ISKANDAR,-2.704167,111.670556,78,11000,13000,6900,0
R,13,131,6955,148,0,0.000,0,-2.698908,111.666372,78,3.00,50,1,0
R,31,311,6955,148,1,111.900,311,-2.711836,111.680439,76,3.00,51,1,0

A,WAGM,SANGGU,-1.669167,114.897778,23,11000,13000,2400,0
R,15,150,2461,75,0,0.000,0,-1.666500,114.897500,23,3.00,40,1,0
R,33,330,2461,75,0,0.000,0,-1.672389,114.900833,23,3.00,40,1,0

A,WAGP,PURUKCAHU,-0.689167,114.445000,442,11000,13000,2700,0
R,04,40,2789,75,0,0.000,0,-0.691547,114.442183,442,3.00,40,1,0
R,22,220,2789,75,0,0.000,0,-0.685667,114.447097,442,3.00,40,1,0

A,WAGS,H. ASAN,-2.501389,112.975556,24,11000,13000,6700,0
R,13,131,6759,98,0,0.000,0,-2.492117,112.967300,24,3.00,50,1,0
R,31,311,6759,98,0,0.000,0,-2.504806,112.981072,11,3.00,50,1,0

A,WAGT,KATINGAN,-1.467500,113.083056,115,11000,13000,3900,0
R,09,99,3937,98,0,0.000,0,-1.468139,113.075556,115,3.00,40,1,0
R,27,279,3937,98,0,0.000,0,-1.469861,113.086472,112,3.00,40,1,0

A,WAHH,ADISUTJIPTO,-7.786667,110.431944,379,11000,13000,7200,0
R,09,87,7218,148,1,109.100,87,-7.788553,110.422014,374,3.00,50,1,0
R,27,267,7218,148,0,0.000,0,-7.787783,110.441958,379,3.00,50,1,0

A,WAHI,YOGYAKARTA INTL,-7.904167,110.057500,24,11000,13000,10600,0
R,11,109,10663,148,1,110.700,109,-7.900258,110.043411,24,3.00,50,1,0
R,29,289,10663,148,0,0.000,0,-7.910358,110.071089,24,3.00,50,1,0

A,WAHL,TUNGGUL WULUNG,-7.644444,109.034722,84,11000,13000,4500,0
R,13,132,4593,98,0,0.000,0,-7.640739,109.029364,84,3.00,50,1,0
R,31,312,4593,98,0,0.000,0,-7.649350,109.038667,61,3.00,50,1,0

A,WAHP,JENDERAL BESAR SOEDI,-7.462500,109.421667,160,11000,13000,5200,0
R,10,103,5249,98,0,0.000,0,-7.459475,109.407183,142,3.00,50,1,0
R,28,283,5249,98,0,0.000,0,-7.463039,109.421231,160,3.00,50,1,0

A,WAHQ,ADI SOEMARMO,-7.513611,110.750556,418,11000,13000,8200,0
R,08,76,8202,148,0,0.000,0,-7.518444,110.746472,418,3.00,50,1,0
R,26,256,8202,148,1,111.500,256,-7.513528,110.768611,380,3.00,50,1,0

A,WAHS,JENDERAL AHMAD YANI ,-6.976389,110.377222,11,11000,13000,8300,0
R,13,129,8399,148,1,109.900,129,-6.962339,110.363339,11,3.00,50,1,0
R,31,309,8399,148,0,0.000,0,-6.977297,110.381067,9,3.00,50,1,0

A,WAHU,DEWADARU,-5.801111,110.477778,15,11000,13000,3100,0
R,13,130,3117,75,0,0.000,0,-5.798336,110.475464,15,3.00,40,1,0
R,31,310,3117,75,0,0.000,0,-5.803853,110.482056,15,3.00,40,1,0

A,WAJC,DABRA,-3.270375,138.612192,192,18000,18000,1900,0
R,06,57,1919,59,0,0.000,0,-3.272050,138.611222,219,3.00,40,1,0
R,24,237,1919,59,0,0.000,0,-3.269383,138.615642,160,3.00,40,1,0

A,WAJG,BATOM,-4.444167,140.881667,354,18000,18000,1300,0
R,07,75,1312,75,0,0.000,0,-4.442778,140.883611,354,3.00,40,1,0
R,25,255,1312,75,0,0.000,0,-4.441919,140.887000,354,3.00,40,1,0

A,WAJI,MARARENA,-1.874722,138.754444,12,18000,18000,2400,0
R,13,133,2454,75,0,0.000,0,-1.871036,138.751381,12,3.00,50,1,0
R,31,313,2454,75,0,0.000,0,-1.875869,138.756086,12,3.00,50,1,0

A,WAJJ,SENTANI,-2.571944,140.511667,289,18000,18000,9800,0
R,12,124,9843,148,0,0.000,0,-2.571144,140.508619,289,3.00,50,1,0
R,30,304,9843,148,1,110.300,304,-2.587281,140.530244,268,3.00,50,1,0

A,WAJK,KIWIROK,-4.713333,140.739444,5446,11000,13000,1600,0
R,07,67,1640,59,0,0.000,0,-4.714075,140.738492,5429,3.00,40,1,0
R,25,247,1640,59,0,0.000,0,-4.712608,140.742819,5226,3.00,40,1,0

A,WAJM,MOLOF,-3.413333,140.552778,699,18000,18000,1800,0
R,05,51,1814,66,0,0.000,0,-3.413333,140.552778,699,3.00,40,2,0
R,23,231,1814,66,0,0.000,0,-3.413333,140.552778,699,3.00,40,2,0

A,WAJO,OKSIBIL,-4.907222,140.630278,4284,18000,18000,4400,0
R,11,110,4442,98,0,0.000,0,-4.904833,140.622539,4284,3.00,40,1,0
R,29,290,4442,98,0,0.000,0,-4.909892,140.633700,4249,3.00,40,1,0

A,WAJR,WARIS,-3.233333,140.966667,1476,18000,18000,2200,0
R,07,70,2297,59,0,0.000,0,-3.233333,140.966667,1476,3.00,40,2,0
R,25,250,2297,59,0,0.000,0,-3.233333,140.966667,1476,3.00,40,2,0

A,WAJS,SENGGEH,-3.442778,140.778333,680,18000,18000,2900,0
R,01,8,2953,75,0,0.000,0,-3.442778,140.778333,680,3.00,40,1,0
R,19,188,2953,75,0,0.000,0,-3.442778,140.778333,680,3.00,40,1,0

A,WAJU,UBRUB,-3.675278,140.881389,1476,18000,18000,1500,0
R,09,86,1595,66,0,0.000,0,-3.675714,140.881697,1476,3.00,40,2,0
R,27,266,1595,66,0,0.000,0,-3.675681,140.887772,1476,3.00,40,2,0

A,WAKD,MINDIPTANAH,-5.879167,140.708611,121,18000,18000,2900,0
R,16,160,2953,75,0,0.000,0,-5.874347,140.708744,102,3.00,40,1,0
R,34,340,2953,75,0,0.000,0,-5.882181,140.710947,121,3.00,40,1,0

A,WAKE,BADE,-7.175278,139.584167,28,18000,18000,1900,0
R,02,17,1969,59,0,0.000,0,-7.178761,139.582217,27,3.00,50,1,0
R,20,197,1969,59,0,0.000,0,-7.173689,139.584325,28,3.00,50,1,0

A,WAKG,EWER,-5.496111,138.080278,7,18000,18000,5400,0
R,06,60,5413,98,0,0.000,0,-5.499661,138.071492,7,3.00,50,1,0
R,24,240,5413,98,0,0.000,0,-5.492878,138.084747,6,3.00,50,1,0

A,WAKJ,KIMAAM,-7.979167,138.852500,14,18000,18000,3000,0
R,13,127,3018,75,0,0.000,0,-7.975103,138.848644,14,3.00,50,1,0
R,31,307,3018,75,0,0.000,0,-7.980594,138.854883,14,3.00,50,1,0

A,WAKK,MOPAH,-8.521111,140.416944,10,18000,18000,7700,0
R,16,156,7710,148,0,0.000,0,-8.512442,140.415631,10,3.00,50,1,0
R,34,336,7710,148,0,0.000,0,-8.532456,140.422825,5,3.00,50,1,0

A,WAKL,BOMAKIA,-5.805000,139.867778,49,18000,18000,2900,0
R,15,150,2953,79,0,0.000,0,-5.805000,139.867778,49,3.00,40,2,0
R,33,330,2953,79,0,0.000,0,-5.805000,139.867778,49,3.00,40,2,0

A,WAKM,ASMAT,-6.185278,138.640833,33,18000,18000,1900,0
R,09,90,1969,59,0,0.000,0,-6.185278,138.640833,33,3.00,50,1,0
R,27,270,1969,59,0,0.000,0,-6.185278,138.640833,33,3.00,50,1,0

A,WAKO,OKABA,-8.095000,139.722500,11,18000,18000,2900,0
R,08,80,2953,59,0,0.000,0,-8.094725,139.720703,11,3.00,40,1,0
R,26,260,2953,59,0,0.000,0,-8.094469,139.726014,11,3.00,40,1,0

A,WAKP,KEPI,-6.542222,139.331667,24,18000,18000,4500,0
R,15,152,4593,98,0,0.000,0,-6.539389,139.330722,24,3.00,40,1,0
R,33,332,4593,98,0,0.000,0,-6.550917,139.336111,18,3.00,40,1,0

A,WAKQ,SENGGO,-5.690556,139.349722,50,18000,18000,2400,0
R,09,90,2493,66,0,0.000,0,-5.690556,139.349722,50,3.00,40,2,0
R,27,270,2493,66,0,0.000,0,-5.690556,139.349722,50,3.00,40,2,0

A,WAKT,TANAH MERAH,-6.096111,140.300000,86,18000,18000,4500,0
R,07,69,4593,98,0,0.000,0,-6.098108,140.299100,76,3.00,50,1,0
R,25,249,4593,98,0,0.000,0,-6.094350,140.311181,86,3.00,50,1,0

A,WAKY,KOROWAY BATU,-5.213889,140.023333,340,18000,18000,2600,0
R,16,159,2625,59,0,0.000,0,-5.207625,140.015975,340,3.00,40,1,0
R,34,339,2625,59,0,0.000,0,-5.214486,140.018247,340,3.00,40,1,0

A,WALA,SANGKIMAH,0.383611,117.542500,105,11000,13000,2600,0
R,02,20,2625,75,0,0.000,0,0.380417,117.541244,105,3.00,40,1,0
R,20,200,2625,75,0,0.000,0,0.387039,117.543778,105,3.00,40,1,0

A,WALB,TANJUNG BARA,0.561389,117.645000,50,0,0,2600,0
R,04,41,2625,59,0,0.000,0,0.557500,117.641944,50,3.00,40,1,0
R,22,221,2625,59,0,0.000,0,0.563333,117.646389,38,3.00,40,1,0

A,WALC,LNG BADAK,0.118056,117.473611,56,11000,13000,3300,0
R,04,39,3346,75,0,0.000,0,0.118125,117.473672,56,3.00,40,1,0
R,22,219,3346,75,0,0.000,0,0.125233,117.479500,43,3.00,40,1,0

A,WALE,MELALAN MELAK,-0.205833,115.760556,331,11000,13000,4200,0
R,03,29,4265,98,0,0.000,0,-0.208475,115.757325,313,3.00,40,1,0
R,21,209,4265,98,0,0.000,0,-0.198175,115.762961,305,3.00,40,1,0

A,WALJ,DATAH DAWAI,0.807778,114.529444,514,11000,13000,2800,0
R,02,19,2838,75,0,0.000,0,0.803667,114.527911,514,3.00,40,1,0
R,20,199,2838,75,0,0.000,0,0.811072,114.530444,514,3.00,40,1,0

A,WALL,SULTAN AJI MUHAMMAD ,-1.267500,116.893889,12,11000,13000,8200,0
R,07,67,8202,148,0,0.000,0,-1.272653,116.884136,12,3.00,50,1,0
R,25,247,8202,148,1,110.900,247,-1.263878,116.904842,12,3.00,50,1,0

A,WALN,LONG NAWANG,1.797778,114.903889,2425,11000,13000,1400,0
R,18,180,1444,49,0,0.000,0,1.797778,114.903889,2425,3.00,40,2,0
R,36,360,1444,49,0,0.000,0,1.797778,114.903889,2425,3.00,40,2,0

A,WALQ,PUJUNGAN,-0.305556,117.415278,48,11000,13000,3900,0
R,01,9,3937,98,0,0.000,0,-0.311289,117.414781,48,3.00,40,1,0
R,19,189,3937,98,0,0.000,0,-0.300456,117.416447,48,3.00,40,1,0

A,WALS,AJI PANGERAN TUMENGG,-0.375556,117.251389,73,11000,13000,7300,0
R,04,44,7382,148,0,0.000,0,-0.381464,117.242542,73,3.00,50,1,0
R,22,224,7382,148,0,0.000,0,-0.366925,117.256683,73,3.00,50,1,0

A,WALT,TANJUNG SANTAN,-0.083333,117.433333,121,11000,13000,4700,0
R,08,80,4757,98,0,0.000,0,-0.093814,117.433136,121,3.00,40,1,0
R,26,260,4757,98,0,0.000,0,-0.091414,117.445161,121,3.00,40,1,0

A,WALW,MUARA WAHAU,1.121667,116.851667,214,11000,13000,2200,0
R,10,100,2297,60,0,0.000,0,1.122444,116.847733,214,3.00,40,2,0
R,28,280,2297,60,0,0.000,0,1.120886,116.854783,214,3.00,40,2,0

A,WAMG,DJALALUDDIN,0.638056,122.852222,125,11000,13000,8200,0
R,09,97,8202,148,0,0.000,0,0.638594,122.838003,125,3.00,50,1,0
R,27,277,8202,148,1,110.100,277,0.635747,122.860289,88,3.00,50,1,0

A,WAMH,NAHA,3.685556,125.529167,63,11000,13000,4900,0
R,15,150,4921,98,0,0.000,0,3.690833,125.523911,63,3.00,50,1,0
R,33,330,4921,98,0,0.000,0,3.678900,125.530633,39,3.00,40,1,0

A,WAMM,SAM RATULANGI,1.545556,124.925000,328,11000,13000,8600,0
R,18,182,8694,148,1,111.100,182,1.561267,124.926744,328,3.20,55,1,0
R,36,2,8694,148,1,110.500,2,1.537322,124.925950,328,3.30,55,1,0

A,WAMN,MELONGUANE,4.006111,126.674722,12,11000,13000,5200,0
R,18,179,5249,98,0,0.000,0,4.015717,126.673100,12,3.00,40,1,0
R,36,359,5249,98,0,0.000,0,4.003047,126.673328,12,3.00,50,1,0

A,WAMO,SITARO,2.653056,125.424722,155,11000,13000,4300,0
R,02,20,4347,98,0,0.000,0,2.643122,125.421361,155,3.00,40,1,0
R,20,200,4347,98,0,0.000,0,2.654408,125.425472,155,3.00,50,1,0

A,WAMP,INDONESIA MOROWALI I,-2.801389,122.141111,24,11000,13000,6200,0
R,13,131,6201,98,0,0.000,0,-2.792856,122.134078,24,3.00,50,1,0
R,31,311,6201,98,0,0.000,0,-2.803589,122.146247,24,3.00,50,1,0

A,WAMS,MIANGAS,5.556111,126.576667,9,11000,13000,4500,0
R,03,30,4593,98,0,0.000,0,5.554692,126.576831,9,3.00,50,1,0
R,21,210,4593,98,0,0.000,0,5.565714,126.582933,9,3.00,50,1,0

A,WAOC,BERSUJUD,-3.413333,116.000833,20,11000,13000,5900,0
R,09,91,5906,148,0,0.000,0,-3.412381,115.987219,16,3.00,50,1,0
R,27,271,5906,148,0,0.000,0,-3.412786,116.002081,20,3.00,50,1,0

A,WAOG,SEBUKU,-3.626667,116.368611,7,11000,13000,2900,0
R,14,140,2953,75,0,0.000,0,-3.626667,116.368611,7,3.00,40,2,0
R,32,320,2953,75,0,0.000,0,-3.626667,116.368611,7,3.00,40,2,0

A,WAOH,KOTA BARU,-3.991667,116.104167,60,11000,13000,4100,0
R,12,120,4101,75,0,0.000,0,-3.987197,116.096786,60,3.00,40,1,0
R,30,300,4101,75,0,0.000,0,-3.991853,116.105789,60,3.00,40,1,0

A,WAOK,GUSTI SJAMSIR ALAM,-3.295000,116.165833,12,11000,13000,5400,0
R,16,158,5413,98,0,0.000,0,-3.287572,116.161047,8,3.00,50,1,0
R,34,338,5413,98,0,0.000,0,-3.301478,116.166469,12,3.00,40,1,0

A,WAON,WARUKIN,-2.212778,115.442500,187,11000,13000,4500,0
R,06,60,4593,98,0,0.000,0,-2.219725,115.430875,159,3.00,50,1,0
R,24,240,4593,98,0,0.000,0,-2.213456,115.441781,187,3.00,50,1,0

A,WAOO,SYAMSUDIN NOOR,-3.439722,114.752778,66,11000,13000,8200,0
R,10,99,8202,148,1,110.700,100,-3.440281,114.751572,54,3.00,55,1,0
R,28,279,8202,148,0,0.000,0,-3.444367,114.773708,66,3.00,50,1,0

A,WAPA,AMAHAI,-3.346111,128.927222,260,11000,13000,2600,0
R,13,133,2618,79,0,0.000,0,-3.344444,128.923611,256,3.00,40,1,0
R,31,313,2618,79,0,0.000,0,-3.349444,128.928611,259,3.00,40,1,0

A,WAPC,BANDANEIRA,-4.521667,129.904722,94,11000,13000,2900,0
R,10,108,2953,98,0,0.000,0,-4.520086,129.901225,94,3.00,40,1,0
R,28,288,2953,98,0,0.000,0,-4.522558,129.908981,34,3.00,40,1,0

A,WAPD,DOBO,-5.774167,134.210000,59,11000,13000,4500,0
R,05,58,4593,98,0,0.000,0,-5.776900,134.203825,59,3.00,50,1,0
R,23,238,4593,98,0,0.000,0,-5.770508,134.214753,24,3.00,50,1,0

A,WAPF,KAREL SADSUITUBUN,-5.757500,132.761389,109,11000,13000,7700,0
R,13,131,7710,148,0,0.000,0,-5.751267,132.750417,102,3.00,50,1,0
R,31,311,7710,148,0,0.000,0,-5.765769,132.765894,109,3.00,50,1,0

A,WAPG,NAMROLE,-3.852778,126.702500,10,11000,13000,3100,0
R,06,64,3117,98,0,0.000,0,-3.856906,126.696783,27,3.00,40,1,0
R,24,244,3117,98,0,0.000,0,-3.853311,126.704553,27,3.00,40,1,0

A,WAPL,DUMATUBUN,-5.661667,132.730000,131,0,0,4200,0
R,09,90,4265,98,0,0.000,0,-5.661383,132.725678,131,3.00,40,1,0
R,27,270,4265,98,0,0.000,0,-5.661858,132.737397,131,3.00,40,1,0

A,WAPM,JOS ORNO IMSULA,-8.139167,127.903333,43,11000,13000,4500,0
R,10,102,4593,98,0,0.000,0,-8.139089,127.903503,35,3.00,40,1,0
R,28,282,4593,98,0,0.000,0,-8.142269,127.915886,43,3.00,40,1,0

A,WAPN,NAMNIWEL,-3.143611,126.976389,7,11000,13000,5200,0
R,11,108,5249,98,0,0.000,0,-3.140883,126.969878,6,3.00,50,1,0
R,29,288,5249,98,0,0.000,0,-3.145525,126.983508,7,3.00,50,1,0

A,WAPO,LARAT,-7.128056,131.766944,42,11000,13000,2600,0
R,09,94,2625,75,0,0.000,0,-7.127811,131.763603,42,3.00,40,1,0
R,27,274,2625,75,0,0.000,0,-7.128586,131.770817,42,3.00,40,1,0

A,WAPP,PATTIMURA,-3.707500,128.089444,62,11000,13000,8200,0
R,04,44,8202,148,1,111.100,44,-3.718275,128.081678,29,3.00,52,1,0
R,22,224,8202,148,0,0.000,0,-3.702297,128.097600,39,3.00,45,1,0

A,WAPR,NAMLEA,-3.238056,127.099167,108,11000,13000,2400,0
R,15,154,2464,75,0,0.000,0,-3.233889,127.098889,267,3.00,40,1,0
R,33,334,2464,75,0,0.000,0,-3.240000,127.101667,289,3.00,40,1,0

A,WAPS,MATHILDA BATLAYERI,-7.848056,131.334722,452,11000,13000,7500,0
R,11,114,7546,148,0,0.000,0,-7.843272,131.326672,423,3.00,50,1,0
R,29,294,7546,148,0,0.000,0,-7.852347,131.345461,452,3.00,50,1,0

A,WAPU,KUFAR,-3.463333,130.787778,19,11000,13000,2900,0
R,13,129,2953,75,0,0.000,0,-3.463333,130.787778,19,3.00,40,1,0
R,31,309,2953,75,0,0.000,0,-3.463333,130.787778,19,3.00,40,1,0

A,WAPV,WAHAI,-2.811111,129.485000,551,11000,13000,2400,0
R,05,48,2461,75,0,0.000,0,-2.813736,129.481286,551,3.00,40,1,0
R,23,228,2461,75,0,0.000,0,-2.809300,129.486328,541,3.00,40,1,0

A,WAQA,NUNUKAN,4.133333,117.666667,46,11000,13000,4700,0
R,13,132,4757,98,0,0.000,0,4.138303,117.664711,40,3.00,40,1,0
R,31,312,4757,98,0,0.000,0,4.129525,117.674550,46,3.00,50,1,0

A,WAQB,BUNYU,3.466667,117.866667,112,11000,13000,3200,0
R,04,40,3281,98,0,0.000,0,3.466667,117.866667,112,3.00,40,1,0
R,22,220,3281,98,0,0.000,0,3.466667,117.866667,112,3.00,40,1,0

A,WAQC,MARATUA,2.203333,118.592500,43,11000,13000,5200,0
R,13,130,5249,98,0,0.000,0,2.202097,118.593844,43,3.00,40,1,0
R,31,310,5249,98,0,0.000,0,2.192717,118.604808,43,3.00,40,1,0

A,WAQD,TANJUNG HARAPAN,2.837500,117.373333,20,11000,13000,5200,0
R,03,28,5249,98,0,0.000,0,2.831633,117.371064,14,3.00,50,1,0
R,21,209,5249,98,0,0.000,0,2.844319,117.377964,20,3.00,50,1,0

A,WAQG,BINUANG,3.772667,115.856167,2500,11000,13000,1300,0
R,17,170,1362,66,0,0.000,0,3.772667,115.856167,2500,3.00,40,2,0
R,35,350,1362,66,0,0.000,0,3.772667,115.856167,2500,3.00,40,2,0

A,WAQJ,YUVAI SEMARING,3.901111,115.692500,3108,11000,13000,5200,0
R,04,38,5249,98,0,0.000,0,3.894536,115.685456,3098,3.00,40,1,0
R,22,218,5249,98,0,0.000,0,3.905931,115.694339,3093,3.00,40,1,0

A,WAQK,MANGKAJANG,2.005000,117.741944,47,11000,13000,5500,0
R,07,70,5577,148,0,0.000,0,2.005000,117.741944,47,3.00,40,1,0
R,25,250,5577,148,0,0.000,0,2.005000,117.741944,47,3.00,40,1,0

A,WAQL,LONG APUNG,1.705556,114.971389,2437,11000,13000,2900,0
R,17,170,2953,75,0,0.000,0,1.709831,114.969589,2437,3.00,40,1,0
R,35,350,2953,75,0,0.000,0,1.701653,114.970475,2437,3.00,40,1,0

A,WAQM,KOL. ROBERT ATTY BES,3.573889,116.616389,24,11000,13000,4700,0
R,04,46,4757,98,0,0.000,0,3.569942,116.614339,24,3.00,50,1,0
R,22,226,4757,98,0,0.000,0,3.579100,116.623675,20,3.00,50,1,0

A,WAQQ,JUWATA,3.326667,117.569444,40,11000,13000,7300,0
R,06,58,7382,148,1,109.700,58,3.319811,117.555614,23,3.00,50,1,0
R,24,238,7382,148,0,0.000,0,3.330528,117.572850,40,3.00,50,1,0

A,WAQT,KALIMARAU,2.153611,117.431111,33,11000,13000,7300,0
R,01,14,7382,148,1,110.300,14,2.137850,117.428331,33,3.00,50,1,0
R,19,194,7382,148,0,0.000,0,2.157756,117.433136,16,3.00,50,1,0

A,WAQU,LONG LAYU,3.610833,115.699167,2795,11000,13000,1800,0
R,01,10,1804,85,0,0.000,0,3.610833,115.699167,2795,3.00,40,2,0
R,19,190,1804,85,0,0.000,0,3.610833,115.699167,2795,3.00,40,2,0

A,WARA,ABDULRACHMAN SALEH,-7.929444,112.711944,1729,11000,13000,8200,0
R,17,165,8202,131,0,0.000,0,-7.918150,112.711672,1729,3.00,50,1,0
R,35,345,8202,131,1,109.700,345,-7.940017,112.716992,1712,3.00,53,1,0

A,WARC,NGLORAM,-7.194167,111.547222,141,11000,13000,4900,0
R,08,82,4921,98,0,0.000,0,-7.196306,111.538492,137,3.00,40,1,0
R,26,262,4921,98,0,0.000,0,-7.194617,111.551972,125,3.00,50,1,0

A,WARD,DHOHO,-7.755000,111.947778,346,11000,13000,10800,0
R,14,144,10827,148,0,0.000,0,-7.737361,111.938203,346,3.00,50,1,0
R,32,324,10827,148,0,0.000,0,-7.761772,111.955422,308,3.00,50,1,0

A,WARE,NOTO HADINEGORO,-8.243333,113.696111,264,11000,13000,5300,0
R,02,13,5397,98,0,0.000,0,-8.248958,113.691986,252,3.00,50,1,0
R,20,193,5397,98,0,0.000,0,-8.234431,113.695539,264,3.00,40,1,0

A,WARI,ISWAHYUDI,-7.610000,111.433333,361,11000,13000,10300,0
R,17L,170,8448,92,0,0.000,0,-7.603217,111.434022,361,3.00,50,1,0
R,17R,170,10300,174,0,0.000,0,-7.603344,111.432403,361,3.00,50,1,0
R,35L,350,10300,174,0,0.000,0,-7.630617,111.434294,361,3.00,50,1,0
R,35R,350,8448,92,0,0.000,0,-7.626197,111.435608,361,3.00,50,1,0

A,WARP,PAGERUNGAN,-6.956667,115.932500,13,11000,13000,3000,0
R,12,120,3002,98,0,0.000,0,-6.954056,115.927733,13,3.00,40,1,0
R,30,300,3002,98,0,0.000,0,-6.958864,115.934447,13,3.00,40,1,0

A,WARR,JUANDA,-7.380833,112.786389,11,11000,13000,9800,0
R,10,98,9843,148,1,110.100,98,-7.377669,112.773492,11,3.00,53,1,0
R,28,278,9843,148,0,0.000,0,-7.382014,112.800269,8,3.00,50,1,0

A,WART,TRUNOJOYO,-7.023611,113.890833,14,11000,13000,5200,0
R,12,125,5249,98,0,0.000,0,-7.018186,113.881731,14,3.00,50,1,0
R,30,305,5249,98,0,0.000,0,-7.026553,113.893542,4,3.00,50,1,0

A,WARW,HARUN THOHIR,-5.723611,112.676667,180,11000,13000,3000,0
R,09,90,3051,75,0,0.000,0,-5.723547,112.674883,130,3.00,50,1,0
R,27,270,3051,75,0,0.000,0,-5.723644,112.683508,180,3.00,50,1,0

A,WASA,AYAWASI,-1.159722,132.465278,1525,11000,13000,2800,0
R,09,98,2838,75,0,0.000,0,-1.159211,132.460433,1525,3.00,50,1,0
R,27,278,2838,75,0,0.000,0,-1.160372,132.468122,1524,3.00,50,1,0

A,WASF,TOREA,-2.919444,132.264167,426,11000,13000,3900,0
R,10,96,3937,98,0,0.000,0,-2.919869,132.261719,426,3.00,66,1,0
R,28,276,3937,98,0,0.000,0,-2.921156,132.272439,410,3.00,40,1,0

A,WASI,INANWATAN,-2.126667,132.163056,36,11000,13000,2300,0
R,08,85,2316,75,0,0.000,0,-2.127672,132.156867,36,3.00,50,1,0
R,26,265,2316,75,0,0.000,0,-2.127197,132.163194,36,3.00,50,1,0

A,WASK,UTAROM,-3.644722,133.695556,14,11000,13000,6500,0
R,01,9,6562,98,0,0.000,0,-3.653283,133.693528,10,3.00,50,1,0
R,19,189,6562,98,0,0.000,0,-3.635497,133.696808,14,3.00,50,1,0

A,WASN,MARINDA,-0.431944,130.771944,19,11000,13000,5000,0
R,18,184,5003,98,0,0.000,0,-0.417375,130.774083,19,3.00,40,1,0
R,36,4,5003,98,0,0.000,0,-0.431131,130.772931,15,3.00,40,1,0

A,WASO,BABO,-2.535278,133.438889,46,11000,13000,4200,0
R,02,21,4265,98,0,0.000,0,-2.537500,133.436667,46,3.00,50,1,0
R,20,201,4265,98,0,0.000,0,-2.526667,133.441111,46,3.00,50,1,0

A,WASS,DOMINE EDUARD OSOK,-0.891667,131.286944,17,11000,13000,8200,0
R,09,93,8202,148,0,0.000,0,-0.893364,131.277714,17,3.00,50,1,0
R,27,273,8202,148,0,0.000,0,-0.894833,131.300178,16,3.00,50,1,0

A,WAST,TEMINABUAN,-1.445556,132.020556,139,11000,13000,2600,0
R,13,128,2625,75,0,0.000,0,-1.443089,132.018311,136,3.00,50,1,0
R,31,308,2625,75,0,0.000,0,-1.447650,132.023889,139,3.00,50,1,0

A,WASU,AYAMARU,-1.318333,132.282500,1391,11000,13000,3900,0
R,06,64,3937,98,0,0.000,0,-1.319075,132.282075,1384,3.00,50,1,0
R,24,244,3937,98,0,0.000,0,-1.314519,132.291881,1391,3.00,50,1,0

A,WATA,A.A BERE TALLO,-9.075556,124.903056,1025,11000,13000,5200,0
R,08,81,5249,98,0,0.000,0,-9.075875,124.895533,1025,3.00,40,1,0
R,26,261,5249,98,0,0.000,0,-9.073878,124.909944,1014,3.00,40,1,0

A,WATB,SOA,-8.708611,121.057222,1454,11000,13000,5200,0
R,11,108,5249,98,0,0.000,0,-8.705431,121.051517,1454,3.00,40,1,0
R,29,288,5249,98,0,0.000,0,-8.710158,121.065267,1421,3.00,49,1,0

A,WATC,FRANSISKUS XAVERIUS ,-8.637500,122.236944,175,11000,13000,7300,0
R,05,50,7382,148,0,0.000,0,-8.645950,122.230250,175,3.00,50,1,0
R,23,230,7382,148,0,0.000,0,-8.633044,122.246044,29,3.00,50,1,0

A,WATE,HAJI HASAN AROEBOESM,-8.848056,121.663333,43,11000,13000,5400,0
R,09,88,5413,98,0,0.000,0,-8.849222,121.653378,43,3.00,40,1,0
R,27,268,5413,98,0,0.000,0,-8.848967,121.668378,19,3.00,50,1,0

A,WATG,FRANS SALES LEGA,-8.598611,120.479722,3777,11000,13000,4900,0
R,09,92,4921,98,0,0.000,0,-8.595681,120.471350,3662,3.00,40,1,0
R,27,272,4921,98,0,0.000,0,-8.596511,120.484933,3777,3.00,40,1,0

A,WATK,LEDE KALUMBANG,-9.412222,119.246944,157,11000,13000,7500,0
R,10,98,7546,148,0,0.000,0,-9.407336,119.231819,153,3.00,50,1,0
R,28,278,7546,148,0,0.000,0,-9.410717,119.252497,157,3.00,50,1,0

A,WATL,GEWAYANTANA,-8.275000,123.000000,77,11000,13000,5200,0
R,10,98,5249,98,0,0.000,0,-8.273136,122.994069,77,3.00,40,1,0
R,28,278,5249,98,0,0.000,0,-8.275458,123.008458,19,3.00,49,1,0

A,WATM,MALI,-8.135278,124.594444,17,11000,13000,5200,0
R,03,32,5249,98,0,0.000,0,-8.138778,124.592989,17,3.00,40,1,0
R,21,212,5249,98,0,0.000,0,-8.126608,124.600847,16,3.00,40,1,0

A,WATO,KOMODO,-8.486389,119.887500,238,11000,13000,8600,0
R,17,171,8694,148,0,0.000,0,-8.468725,119.886922,238,3.00,50,1,0
R,35,351,8694,148,0,0.000,0,-8.492456,119.890094,190,3.00,50,1,0

A,WATP,PANTAR,-8.245833,124.218611,18,11000,13000,2900,0
R,03,25,2953,98,0,0.000,0,-8.248375,124.217453,16,3.00,40,1,0
R,21,205,2953,98,0,0.000,0,-8.241092,124.221086,18,3.00,40,1,0

A,WATQ,JOHN BECKER,-8.018056,127.199722,90,11000,13000,3100,0
R,11,112,3117,75,0,0.000,0,-8.014064,127.196256,90,3.00,40,1,0
R,29,292,3117,75,0,0.000,0,-8.017386,127.204225,90,3.00,40,1,0

A,WATR,DAVID CONSTANTIJN SA,-10.766944,123.074167,463,11000,13000,5400,0
R,04,40,5413,98,0,0.000,0,-10.771397,123.071114,463,3.00,50,1,0
R,22,220,5413,98,0,0.000,0,-10.760128,123.081056,441,3.00,50,1,0

A,WATS,TARDAMU,-10.493889,121.846111,69,11000,13000,2900,0
R,07,72,2953,75,0,0.000,0,-10.493611,121.844167,52,3.00,40,1,0
R,25,252,2953,75,0,0.000,0,-10.491111,121.852222,69,3.00,40,1,0

A,WATT,EL TARI,-10.177778,123.663889,345,11000,13000,8200,0
R,08,75,8202,148,0,0.000,0,-10.174194,123.660028,345,3.00,50,1,0
R,26,255,8202,148,1,110.500,255,-10.168919,123.682219,309,3.00,50,1,0

A,WATU,UMBU MEHANG KUNDA,-9.668056,120.298889,22,11000,13000,6300,0
R,15,150,6398,98,0,0.000,0,-9.661236,120.297594,22,3.00,50,1,0
R,33,330,6398,98,0,0.000,0,-9.675919,120.305675,18,3.00,50,1,0

A,WATW,WUNOPITO,-8.366389,123.438056,43,11000,13000,3900,0
R,02,25,3937,98,0,0.000,0,-8.366753,123.436197,43,3.00,40,1,0
R,20,205,3937,98,0,0.000,0,-8.356886,123.440972,30,3.00,40,1,0

A,WAUA,ANGGI,-1.386111,133.874167,6070,11000,13000,1300,0
R,06,60,1394,66,0,0.000,0,-1.386111,133.874167,6070,3.00,40,2,0
R,24,240,1394,66,0,0.000,0,-1.386111,133.874167,6070,3.00,40,2,0

A,WAUB,BINTUNI,-2.100833,133.513611,29,11000,13000,2700,0
R,13,134,2723,72,0,0.000,0,-2.100119,133.513714,29,3.00,40,1,0
R,31,314,2723,72,0,0.000,0,-2.105567,133.518844,15,3.00,50,1,0

A,WAUE,WERUR,-0.422500,132.186944,26,18000,18000,5200,0
R,06,61,5249,98,0,0.000,0,-0.423808,132.181064,26,3.00,40,1,0
R,24,241,5249,98,0,0.000,0,-0.417408,132.193958,22,3.00,40,1,0

A,WAUK,KEBAR,-0.809722,133.055278,1877,11000,13000,2600,0
R,09,95,2625,59,0,0.000,0,-0.810022,133.051383,1877,3.00,40,1,0
R,27,275,2625,59,0,0.000,0,-0.810767,133.058547,1867,3.00,40,1,0

A,WAUM,MERDEY,-1.591389,133.295833,382,18000,18000,1900,0
R,09,93,1969,75,0,0.000,0,-1.590886,133.293100,382,3.00,40,1,0
R,27,273,1969,75,0,0.000,0,-1.591264,133.298494,374,3.00,50,1,0

A,WAUR,ABRESSO,-1.500000,134.183333,131,11000,13000,3400,0
R,12,120,3445,98,0,0.000,0,-1.500000,134.183333,131,3.00,40,2,0
R,30,300,3445,98,0,0.000,0,-1.500000,134.183333,131,3.00,40,2,0

A,WAUU,RENDANI,-0.893889,134.050278,26,11000,13000,6500,0
R,17,177,6562,148,0,0.000,0,-0.882850,134.048556,26,3.00,50,1,0
R,35,357,6562,148,0,0.000,0,-0.900956,134.049111,13,3.00,50,1,0

A,WAUW,WASIOR,-2.722222,134.506389,29,11000,13000,1900,0
R,17,176,1969,59,0,0.000,0,-2.717644,134.505822,23,3.00,40,1,0
R,35,356,1969,59,0,0.000,0,-2.723067,134.506086,29,3.00,40,1,0

A,WAVA,MULIA,-3.701111,137.960278,5898,18000,18000,2600,0
R,09,79,2625,59,0,0.000,0,-3.702392,137.953772,5898,3.00,40,1,0
R,27,259,2625,59,0,0.000,0,-3.701464,137.960883,5648,3.00,40,1,0

A,WAVB,JAYAWIJAYA,-3.684781,138.677319,4475,18000,18000,2500,0
R,10,94,2549,59,0,0.000,0,-3.684086,138.674136,4541,3.00,40,1,0
R,28,274,2549,59,0,0.000,0,-3.685078,138.681064,4414,3.00,40,1,0

A,WAVC,ILU,-3.708333,138.200278,6500,18000,18000,2600,0
R,17,170,2625,59,0,0.000,0,-3.701767,138.199769,6264,3.00,40,1,0
R,35,350,2625,59,0,0.000,0,-3.709156,138.200683,6438,3.00,40,1,0

A,WAVD,NOP GOLIAT DEKAI,-4.853611,139.486667,181,18000,18000,8200,0
R,07,71,8202,148,0,0.000,0,-4.858722,139.471622,173,3.00,50,1,0
R,25,251,8202,148,0,0.000,0,-4.852492,139.493289,181,3.00,50,1,0

A,WAVE,ELELIM,-3.785278,139.384167,1498,18000,18000,2900,0
R,03,24,2953,75,0,0.000,0,-3.789297,139.382758,1498,3.00,40,1,0
R,21,204,2953,75,0,0.000,0,-3.782075,139.386492,1473,3.00,40,1,0

A,WAVG,KARUBAGA,-3.686569,138.479364,5137,18000,18000,2300,0
R,17,171,2329,59,0,0.000,0,-3.681331,138.478700,4946,3.00,40,1,0
R,35,351,2329,59,0,0.000,0,-3.687669,138.479319,5175,3.00,40,1,0

A,WAVL,KELILA,-3.728056,138.710833,4170,18000,18000,2200,0
R,17,170,2297,59,0,0.000,0,-3.728056,138.710833,4170,3.00,40,2,0
R,35,350,2297,59,0,0.000,0,-3.728056,138.710833,4170,3.00,40,2,0

A,WAVM,MANGGELUM,-5.423889,140.433889,216,18000,18000,3200,0
R,18,179,3281,59,0,0.000,0,-5.415922,140.436275,138,3.00,40,1,0
R,36,359,3281,59,0,0.000,0,-5.424689,140.435847,140,3.00,40,1,0

A,WAVT,TIOM,-3.924889,138.454083,6898,18000,18000,2000,0
R,12,122,2051,52,0,0.000,0,-3.923958,138.453022,6907,3.00,40,1,0
R,30,302,2051,52,0,0.000,0,-3.927425,138.458108,6808,3.00,40,1,0

A,WAVV,WAMENA,-4.097500,138.951389,5435,18000,18000,7100,0
R,15,150,7136,148,0,0.000,0,-4.087778,138.947522,5435,3.00,50,1,0
R,33,330,7136,148,0,0.000,0,-4.105231,138.956542,5428,3.00,50,1,0

A,WAWA,POMALA,-4.181389,121.614722,98,11000,13000,2700,0
R,08,80,2789,75,0,0.000,0,-4.181389,121.614722,98,3.00,40,2,0
R,26,260,2789,75,0,0.000,0,-4.181389,121.614722,98,3.00,40,2,0

A,WAWB,BETOAMBARI,-5.486944,122.569444,105,11000,13000,5900,0
R,04,40,5906,98,0,0.000,0,-5.492203,122.564544,105,3.00,50,1,0
R,22,220,5906,98,0,0.000,0,-5.480481,122.574631,105,3.00,50,1,0

A,WAWC,MARANGGO,-5.767222,123.918889,76,11000,13000,4900,0
R,13,131,4921,98,0,0.000,0,-5.761847,123.913594,76,3.00,40,1,0
R,31,311,4921,98,0,0.000,0,-5.770908,123.923667,47,3.00,40,1,0

A,WAWD,MATAHORA,-5.290556,123.636111,77,11000,13000,6500,0
R,14,140,6562,148,0,0.000,0,-5.285183,123.630636,77,3.00,50,1,0
R,32,320,6562,148,0,0.000,0,-5.299244,123.641994,63,3.00,50,1,0

A,WAWH,H. AROEPPALA,-6.176667,120.437222,23,11000,13000,6300,0
R,16,158,6398,98,0,0.000,0,-6.171022,120.435050,23,3.00,40,1,0
R,34,338,6398,98,0,0.000,0,-6.187972,120.440272,20,3.00,40,1,0

A,WAWN,ARUNG PALAKKA,-4.458889,120.306944,131,11000,13000,3700,0
R,11,110,3740,98,0,0.000,0,-4.457650,120.305478,72,3.00,40,1,0
R,29,290,3740,98,0,0.000,0,-4.461367,120.314986,131,3.00,40,1,0

A,WAWP,SANGIA NIBANDERA,-4.345000,121.522222,40,11000,13000,6000,0
R,18,182,6070,98,0,0.000,0,-4.329286,121.524478,38,3.00,50,1,0
R,36,2,6070,98,0,0.000,0,-4.346025,121.523653,40,3.00,50,1,0

A,WAWR,SUGIMANURU,-4.761944,122.570000,144,11000,13000,5200,0
R,08,80,5249,98,0,0.000,0,-4.764572,122.558944,111,3.00,50,1,0
R,26,260,5249,98,0,0.000,0,-4.762097,122.573194,144,3.00,50,1,0

A,WAWS,SOROAKO,-2.530278,121.355833,1388,11000,13000,2400,0
R,12,120,2461,75,0,0.000,0,-2.527481,121.351914,1388,3.00,40,1,0
R,30,300,2461,75,0,0.000,0,-2.533325,121.360367,1388,3.00,40,1,0

A,WAWW,HALU OLEO,-4.084167,122.413056,189,11000,13000,8200,0
R,08,79,8202,148,0,0.000,0,-4.083597,122.408647,189,3.00,50,1,0
R,26,259,8202,148,1,109.900,259,-4.079614,122.430814,120,3.00,50,1,0

A,WAYA,ALAMA,-4.333333,137.833333,4922,18000,18000,1800,0
R,18,180,1837,82,0,0.000,0,-4.333333,137.833333,4922,3.00,40,2,0
R,36,360,1837,82,0,0.000,0,-4.333333,137.833333,4922,3.00,40,2,0

A,WAYB,BILORAI,-3.739722,137.030833,7316,18000,18000,2400,0
R,09,95,2461,59,0,0.000,0,-3.738989,137.027906,7316,3.00,40,1,0
R,27,275,2461,59,0,0.000,0,-3.739933,137.034592,7310,3.00,40,1,0

A,WAYE,ENAROTALI,-3.926111,136.380278,5804,18000,18000,3200,0
R,09,82,3248,59,0,0.000,0,-3.926183,136.374194,5804,3.00,40,1,0
R,27,262,3248,59,0,0.000,0,-3.925219,136.383069,5798,3.00,40,1,0

A,WAYG,AKIMUGA,-4.603056,137.659167,163,18000,18000,1900,0
R,06,55,1969,59,0,0.000,0,-4.605797,137.655211,163,3.00,40,1,0
R,24,235,1969,59,0,0.000,0,-4.602922,137.659792,163,3.00,40,1,0

A,WAYI,BILAI,-3.733333,136.833333,5098,18000,18000,1600,0
R,15,150,1640,66,0,0.000,0,-3.733333,136.833333,5098,3.00,40,2,0
R,33,330,1640,66,0,0.000,0,-3.733333,136.833333,5098,3.00,40,2,0

A,WAYJ,JILA,-4.246944,137.595278,4593,18000,18000,1400,0
R,14,140,1476,98,0,0.000,0,-4.246944,137.595278,4593,3.00,40,2,0
R,32,320,1476,98,0,0.000,0,-4.246944,137.595278,4593,3.00,40,2,0

A,WAYK,KOKONAO,-4.711389,136.436111,5,18000,18000,1900,0
R,13,131,1959,59,0,0.000,0,-4.708856,136.433208,5,3.00,50,1,0
R,31,311,1959,59,0,0.000,0,-4.712642,136.437050,4,3.00,40,1,0

A,WAYL,ILAGA,-3.977222,137.620278,7985,18000,18000,1900,0
R,07,76,1969,75,0,0.000,0,-3.976992,137.619550,7985,3.00,40,1,0
R,25,256,1969,75,0,0.000,0,-3.976025,137.624869,7904,3.00,40,1,0

A,WAYM,KEBO,-3.823889,136.386111,5499,18000,18000,2600,0
R,01,10,2674,98,0,0.000,0,-3.823889,136.386111,5499,3.00,40,2,0
R,19,190,2674,98,0,0.000,0,-3.823889,136.386111,5499,3.00,40,2,0

A,WAYN,JITA,-4.857500,137.701111,49,18000,18000,1800,0
R,02,20,1804,98,0,0.000,0,-4.857500,137.701111,49,3.00,40,2,0
R,20,200,1804,98,0,0.000,0,-4.857500,137.701111,49,3.00,40,2,0

A,WAYO,OBANO,-3.916667,136.216667,5758,18000,18000,2600,0
R,08,80,2625,59,0,0.000,0,-3.916667,136.216667,5758,3.00,40,2,0
R,26,260,2625,59,0,0.000,0,-3.916667,136.216667,5758,3.00,40,2,0

A,WAYW,WAREN,-2.212500,136.440278,26,18000,18000,2200,0
R,04,40,2297,59,0,0.000,0,-2.212500,136.440278,26,3.00,40,2,0
R,22,220,2297,59,0,0.000,0,-2.212500,136.440278,26,3.00,40,2,0

A,WAYY,MOZES KILANGIN,-4.531111,136.883333,104,18000,18000,7800,0
R,12,119,7841,148,1,110.700,119,-4.524008,136.878281,104,3.00,50,1,0
R,30,299,7841,148,0,0.000,0,-4.535381,136.896583,99,3.00,50,1,0

A,WIBB,SULTAN SYARIF KASIM ,0.462222,101.445278,134,11000,13000,8500,0
R,18,182,8530,148,0,0.000,0,0.470972,101.444803,134,3.00,50,1,0
R,36,2,8530,148,1,111.100,2,0.447486,101.444133,113,3.00,50,1,0

A,WIBD,PINANG KAMPAI,1.612222,101.433333,43,11000,13000,5900,0
R,03,30,5906,98,0,0.000,0,1.602056,101.429544,42,3.00,50,1,0
R,21,210,5906,98,0,0.000,0,1.616161,101.437597,43,3.00,40,1,0

A,WIBG,PASIR PANGARAIAN,0.846667,100.370278,260,11000,13000,4200,0
R,18,180,4265,98,0,0.000,0,0.851417,100.370250,260,3.00,40,1,0
R,36,360,4265,98,0,0.000,0,0.839694,100.370056,260,3.00,40,1,0

A,WIBI,PULAI,0.216111,103.164722,21,11000,13000,2200,0
R,14,143,2297,59,0,0.000,0,0.221361,103.160972,21,3.00,40,2,0
R,32,323,2297,59,0,0.000,0,0.216306,103.164722,21,3.00,40,2,0

A,WIBJ,JAPURA,-0.350278,102.334444,73,11000,13000,4500,0
R,10,99,4593,98,0,0.000,0,-0.351581,102.328258,72,3.00,50,1,0
R,28,279,4593,98,0,0.000,0,-0.353631,102.340650,73,3.00,50,1,0

A,WIBL,SULTAN SYARIF HAROEN,0.504722,101.922778,95,11000,13000,5400,0
R,18,180,5446,98,0,0.000,0,0.506306,101.923347,95,3.00,50,1,0
R,36,360,5446,98,0,0.000,0,0.491278,101.923489,82,3.00,50,1,0

A,WIBS,SEI PAKNING,1.369722,102.140000,7,11000,13000,2600,0
R,18,180,2625,98,0,0.000,0,1.373417,102.140044,7,3.00,40,1,0
R,36,360,2625,98,0,0.000,0,1.366239,102.140044,7,3.00,40,1,0

A,WICA,KERTAJATI,-6.648333,108.154167,134,11000,13000,9800,0
R,14,139,9843,197,1,109.500,139,-6.636989,108.156831,128,3.00,50,1,0
R,32,319,9843,197,0,0.000,0,-6.657753,108.174292,134,3.00,50,1,0

A,WICC,HUSEIN SASTRANEGARA,-6.901944,107.576111,2445,11000,13000,7200,0
R,11,108,7283,148,0,0.000,0,-6.897372,107.566683,2445,3.00,50,1,0
R,29,288,7283,148,0,0.000,0,-6.903869,107.585681,2406,3.00,50,1,0

A,WICD,CAKRABHUWANA,-6.756389,108.538333,90,11000,13000,4100,0
R,04,40,4199,98,0,0.000,0,-6.761356,108.535117,90,3.00,40,1,0
R,22,220,4199,98,0,0.000,0,-6.752553,108.542653,65,3.00,50,1,0

A,WICK,SULAIMAN,-6.982500,107.572500,2200,11000,13000,3200,0
R,13,130,3281,105,0,0.000,0,-6.980244,107.568542,2200,3.00,40,2,0
R,31,310,3281,105,0,0.000,0,-6.984967,107.576233,2200,3.00,40,2,0

A,WICM,WIRIADINATA,-7.344722,108.243056,1097,11000,13000,5200,0
R,15,147,5249,98,0,0.000,0,-7.341939,108.243183,1082,3.00,40,1,0
R,33,327,5249,98,0,0.000,0,-7.354097,108.250922,1094,3.00,40,1,0

A,WICN,NUSAWIRU,-7.720556,108.489167,16,11000,13000,4500,0
R,07,71,4593,98,0,0.000,0,-7.721831,108.482894,16,3.00,50,1,0
R,25,251,4593,98,0,0.000,0,-7.718003,108.494989,13,3.00,50,1,0

A,WIDD,HANG NADIM,1.118889,104.113889,123,11000,13000,13200,0
R,04,42,13205,148,1,110.100,41,1.107347,104.106794,123,3.00,55,1,0
R,22,222,13205,148,0,0.000,0,1.134569,104.130808,67,3.00,50,1,0

A,WIDL,LETUNG,2.962778,105.749722,13,11000,13000,3900,0
R,07,73,3937,98,0,0.000,0,2.962914,105.749756,33,3.00,40,1,0
R,25,253,3937,98,0,0.000,0,2.966072,105.760081,33,3.00,40,1,0

A,WIDM,MATAK,3.346944,106.258333,10,11000,13000,3900,0
R,18,180,3904,98,0,0.000,0,3.353469,106.258072,10,3.00,40,1,0
R,36,360,3904,98,0,0.000,0,3.342758,106.258042,10,3.00,40,1,0

A,WIDN,RAJA HAJI FISABILILL,0.918889,104.526944,90,11000,13000,8200,0
R,04,42,8202,148,0,0.000,0,0.916619,104.526572,38,3.00,50,1,0
R,22,222,8202,148,0,0.000,0,0.930175,104.539144,78,3.00,50,1,0

A,WIDO,RANAI,3.906111,108.388056,7,11000,13000,8300,0
R,18,182,8366,105,0,0.000,0,3.920383,108.388281,7,3.00,50,1,0
R,36,2,8366,105,1,110.300,2,3.897222,108.387414,7,3.00,50,1,0

A,WIDS,DABO,-0.478611,104.578056,148,11000,13000,4700,0
R,14,140,4741,98,0,0.000,0,-0.473950,104.575281,148,3.00,40,1,0
R,32,320,4741,98,0,0.000,0,-0.484378,104.583089,132,3.00,40,1,0

A,WIDT,RAJA HAJI ABDULLAH,1.051389,103.390000,16,11000,13000,4500,0
R,09,93,4593,98,0,0.000,0,1.053264,103.385256,14,3.00,40,1,0
R,27,273,4593,98,0,0.000,0,1.052539,103.397811,12,3.00,40,1,0

A,WIEB,MENTAWAI,-2.099167,99.705833,11,11000,13000,4900,0
R,14,144,4921,98,0,0.000,0,-2.088686,99.695211,7,3.00,50,1,0
R,32,324,4921,98,0,0.000,0,-2.099661,99.703133,11,3.00,40,1,0

A,WIEE,MINANGKABAU INTL,-0.788333,100.286389,16,11000,13000,9800,0
R,15,155,9843,148,0,0.000,0,-0.773608,100.274692,16,3.00,50,1,0
R,33,335,9843,148,1,111.500,335,-0.798225,100.286056,16,3.00,52,1,0

A,WIET,TABING,-0.875556,100.350556,9,11000,13000,7000,0
R,16,159,7054,148,0,0.000,0,-0.866450,100.348997,9,3.00,50,1,0
R,34,339,7054,148,0,0.000,0,-0.884242,100.355367,9,3.00,50,1,0

A,WIGE,ENGGANO,-5.301944,102.183056,27,11000,13000,5200,0
R,12,120,5249,98,0,0.000,0,-5.302028,102.182997,23,3.00,40,1,0
R,30,300,5249,98,0,0.000,0,-5.308928,102.195786,27,3.00,40,1,0

A,WIGG,FATMAWATI SOEKARNO,-3.861111,102.339444,74,11000,13000,7300,0
R,13,133,7382,148,1,111.700,133,-3.856992,102.331794,74,3.00,50,1,0
R,31,313,7382,148,0,0.000,0,-3.870906,102.346583,71,3.00,50,1,0

A,WIGM,MUKOMUKO,-2.541111,101.088611,17,11000,13000,4500,0
R,14,137,4593,98,0,0.000,0,-2.536303,101.083172,14,3.00,50,1,0
R,32,317,4593,98,0,0.000,0,-2.545483,101.091819,17,3.00,50,1,0

A,WIHC,WILADATIKA,-6.356944,106.896944,210,11000,13000,2400,0
R,09,92,2493,66,0,0.000,0,-6.356278,106.897889,197,3.00,40,2,0
R,27,272,2493,66,0,0.000,0,-6.356611,106.904528,210,3.00,40,2,0

A,WIHG,PULAU PANJANG,-5.644444,106.562500,10,11000,13000,3100,0
R,07,70,3117,75,0,0.000,0,-5.645592,106.558197,10,3.00,40,2,0
R,25,250,3117,75,0,0.000,0,-5.643242,106.566436,10,3.00,40,2,0

A,WIHH,HALIM PERDANAKUSUMA,-6.267500,106.886389,91,11000,13000,9800,0
R,06,65,9843,148,0,0.000,0,-6.272250,106.878800,86,3.00,50,1,0
R,24,245,9843,148,1,111.700,245,-6.261706,106.901806,91,3.00,60,1,0

A,WIHI,SALAKANAGARA TANJUNG,-6.493056,105.665556,19,18000,18000,1900,0
R,07,70,1969,49,0,0.000,0,-6.492561,105.666875,3,3.00,40,2,0
R,25,250,1969,49,0,0.000,0,-6.490697,105.671961,19,3.00,40,2,0

A,WIHP,PONDOK CABE,-6.336111,106.764722,221,11000,13000,6500,0
R,18,183,6562,148,0,0.000,0,-6.328058,106.765161,209,3.00,50,1,0
R,36,3,6562,148,0,0.000,0,-6.346169,106.763986,221,3.00,50,1,0

A,WIII,SOEKARNO-HATTA INTL,-6.123611,106.661111,34,11000,13000,12000,0
R,06,67,9843,197,0,0.000,0,-6.113886,106.644592,29,3.00,50,1,0
R,07L,67,11811,197,1,111.500,67,-6.121017,106.638825,29,3.00,51,1,0
R,07R,67,12008,197,1,110.500,68,-6.142558,106.643661,34,3.00,51,1,0
R,24,247,9843,197,0,0.000,0,-6.103842,106.669767,19,3.00,50,1,0
R,25L,247,12008,197,1,111.100,248,-6.130303,106.674394,27,3.00,51,1,0
R,25R,247,11811,197,1,110.900,247,-6.108964,106.669061,21,3.00,51,1,0

A,WIJB,MUARA BUNGO,-1.543333,102.178611,192,11000,13000,6800,0
R,13,126,6890,98,0,0.000,0,-1.535100,102.172833,164,3.00,50,1,0
R,31,306,6890,98,0,0.000,0,-1.546356,102.188031,192,3.00,40,1,0

A,WIJI,DEPATI PARBO,-2.091111,101.463056,2607,11000,13000,5900,0
R,12,118,5906,98,0,0.000,0,-2.090119,101.462833,2607,3.00,40,1,0
R,30,298,5906,98,0,0.000,0,-2.097706,101.477203,2600,3.00,40,1,0

A,WIJJ,SULTAN THAHA,-1.635556,103.643056,92,11000,13000,8500,0
R,13,129,8537,148,0,0.000,0,-1.632333,103.637361,92,3.00,50,1,0
R,31,309,8537,148,1,109.900,309,-1.647256,103.655458,63,3.00,50,1,0

A,WIKK,DEPATI AMIR,-2.162500,106.138056,108,11000,13000,7300,0
R,16,165,7382,148,0,0.000,0,-2.151275,106.136003,86,3.00,50,1,0
R,34,345,7382,148,0,0.000,0,-2.170869,106.141336,108,3.00,50,1,0

A,WIKT,H.AS. HANANDJOEDDIN,-2.745278,107.753056,176,11000,13000,8200,0
R,18,175,8202,148,0,0.000,0,-2.732767,107.753758,176,3.00,50,1,0
R,36,355,8202,148,1,109.500,355,-2.755311,107.755258,152,3.00,50,1,0

A,WILB,TAMLING,-5.918611,104.561667,7,11000,13000,3200,0
R,15,150,3281,75,0,0.000,0,-5.914967,104.554703,7,3.00,40,2,0
R,33,330,3281,75,0,0.000,0,-5.927136,104.561203,7,3.00,40,2,0

A,WILG,GUNUNG BATIN,-4.683333,105.266667,50,11000,13000,3200,0
R,09,90,3281,75,0,0.000,0,-4.683333,105.266667,50,3.00,40,2,0
R,27,270,3281,75,0,0.000,0,-4.683333,105.266667,50,3.00,40,2,0

A,WILL,RADIN INTEN II,-5.240556,105.175556,273,11000,13000,9000,0
R,14,140,9088,148,0,0.000,0,-5.237503,105.174842,273,3.00,50,1,0
R,32,320,9088,148,0,0.000,0,-5.256575,105.191031,262,3.00,50,1,0

A,WILM,ASTRA KSETRA,-4.600000,105.250000,63,11000,13000,6300,0
R,07,70,6398,197,0,0.000,0,-4.614025,105.224731,63,3.00,40,2,0
R,25,250,6398,197,0,0.000,0,-4.608997,105.239564,63,3.00,40,2,0

A,WILP,MUHAMMAD TAUFIK KIEM,-5.211667,103.939444,118,11000,13000,4200,0
R,12,118,4265,98,0,0.000,0,-5.208392,103.931458,115,3.00,40,1,0
R,30,298,4265,98,0,0.000,0,-5.213961,103.941803,118,3.00,40,1,0

A,WILW,WAY JEPARA,-5.048889,105.652222,965,11000,13000,2900,0
R,12,120,2953,82,0,0.000,0,-5.049017,105.651550,965,3.00,40,1,0
R,30,300,2953,82,0,0.000,0,-5.052928,105.658325,965,3.00,40,1,0

A,WIMA,MALIKUSSALEH,5.228889,96.951389,98,11000,13000,6000,0
R,06,63,6070,98,0,0.000,0,5.222789,96.942911,74,3.00,50,1,0
R,24,243,6070,98,0,0.000,0,5.230653,96.957650,98,3.00,50,1,0

A,WIMB,BINAKA,1.165556,97.706111,28,11000,13000,7300,0
R,09,93,7382,98,0,0.000,0,1.166686,97.696272,28,3.00,50,1,0
R,27,273,7382,98,0,0.000,0,1.165869,97.716492,12,3.00,50,1,0

A,WIME,AEK GODANG,1.398889,99.430556,952,11000,13000,4500,0
R,11,113,4593,98,0,0.000,0,1.402572,99.424697,952,3.00,40,1,0
R,29,293,4593,98,0,0.000,0,1.397667,99.436317,930,3.00,40,1,0

A,WIMG,GAYO LUES,3.943889,97.363611,3509,11000,13000,2600,0
R,13,131,2657,75,0,0.000,0,3.948586,97.356347,3438,3.00,40,1,0
R,31,311,2657,75,0,0.000,0,3.943642,97.361753,3509,3.00,40,1,0

A,WIMI,SYEKH HAMZAH FANSHUR,2.272500,97.960833,14,11000,13000,3900,0
R,12,120,3937,75,0,0.000,0,2.272242,97.963278,14,3.00,40,1,0
R,30,300,3937,75,0,0.000,0,2.266856,97.972667,13,3.00,40,1,0

A,WIML,LASIKIN,2.408889,96.326111,18,11000,13000,5600,0
R,07,68,5610,98,0,0.000,0,2.408386,96.320561,12,3.00,50,1,0
R,25,248,5610,98,0,0.000,0,2.414289,96.334786,18,3.00,40,1,0

A,WIMM,KUALANAMU INTL,3.642222,98.885278,23,11000,13000,12300,0
R,05,45,12303,197,1,109.300,45,3.625900,98.858600,23,3.00,50,1,0
R,23,225,12303,197,1,110.900,225,3.649844,98.882461,20,3.00,50,1,0

A,WIMN,RAJA SISINGAMANGARAJ,2.261111,98.994722,4721,11000,13000,8600,0
R,09,93,8694,148,0,0.000,0,2.260228,98.974319,4721,3.00,50,1,0
R,27,273,8694,148,1,108.700,273,2.259142,98.998114,4631,3.00,50,1,0

A,WIMO,LASONDRE,-0.019722,98.300833,7,11000,13000,4500,0
R,06,65,4593,98,0,0.000,0,-0.021186,98.295475,7,3.00,40,1,0
R,24,245,4593,98,0,0.000,0,-0.015853,98.306783,7,3.00,40,1,0

A,WIMP,SIBISA,2.601944,98.963889,4234,11000,13000,5300,0
R,14,140,5348,98,0,0.000,0,2.609119,98.956564,4182,3.00,50,1,0
R,32,320,5348,98,0,0.000,0,2.597825,98.965975,4234,3.00,50,1,0

A,WIMS,DR. FERDINAND LUMBAN,1.553611,98.893889,42,11000,13000,7100,0
R,12,124,7185,98,0,0.000,0,1.562994,98.878561,33,3.00,50,1,0
R,30,304,7185,98,0,0.000,0,1.551867,98.894878,42,3.00,50,1,0

A,WIMT,TEUKU CUT ALI,3.170833,97.288611,13,11000,13000,3800,0
R,14,140,3871,98,0,0.000,0,3.173414,97.284711,9,3.00,40,1,0
R,32,320,3871,98,0,0.000,0,3.165261,97.291622,9,3.00,40,1,0

A,WIMU,ALAS LAUSER,3.392222,97.865000,414,11000,13000,4900,0
R,15,146,4921,98,0,0.000,0,3.397061,97.859906,414,3.00,40,1,0
R,33,326,4921,98,0,0.000,0,3.385894,97.867569,402,3.00,40,1,0

A,WIOA,SIRANG,-0.050000,111.116667,656,11000,13000,1300,0
R,15,150,1394,82,0,0.000,0,-0.050000,111.116667,656,3.00,40,2,0
R,33,330,1394,82,0,0.000,0,-0.050000,111.116667,656,3.00,40,2,0

A,WIOC,TANJUNG MAJU,-0.666667,110.483333,1148,11000,13000,1500,0
R,08,80,1509,82,0,0.000,0,-0.666667,110.483333,1148,3.00,40,2,0
R,26,260,1509,82,0,0.000,0,-0.666667,110.483333,1148,3.00,40,2,0

A,WIOE,TANJUNG BERINGIN,-0.333333,112.166667,820,11000,13000,1400,0
R,06,60,1476,82,0,0.000,0,-0.333333,112.166667,820,3.00,40,2,0
R,24,240,1476,82,0,0.000,0,-0.333333,112.166667,820,3.00,40,2,0

A,WIOF,SUNGAI TONTANG,-0.583333,110.466667,984,11000,13000,1300,0
R,08,80,1312,82,0,0.000,0,-0.583333,110.466667,984,3.00,40,2,0
R,26,260,1312,82,0,0.000,0,-0.583333,110.466667,984,3.00,40,2,0

A,WIOG,NANGA PINOH,-0.348056,111.750278,132,11000,13000,3900,0
R,10,99,3944,98,0,0.000,0,-0.347692,111.740544,116,3.00,40,1,0
R,28,279,3944,98,0,0.000,0,-0.349464,111.751200,132,3.00,40,1,0

A,WIOK,RAHADI OESMAN,-1.816111,109.961944,15,11000,13000,4500,0
R,17,169,4593,98,0,0.000,0,-1.810628,109.962489,15,3.00,50,1,0
R,35,349,4593,98,0,0.000,0,-1.823108,109.964333,14,3.00,40,1,0

A,WIOL,TANJUNG LOKANG,0.783333,113.666667,1969,11000,13000,1100,0
R,17,170,1148,82,0,0.000,0,0.783333,113.666667,1969,3.00,40,2,0
R,35,350,1148,82,0,0.000,0,0.783333,113.666667,1969,3.00,40,2,0

A,WIOO,SUPADIO,-0.145556,109.403611,8,11000,13000,8500,0
R,15,157,8530,148,1,111.300,157,-0.141333,109.400053,5,3.00,50,1,0
R,33,337,8530,148,0,0.000,0,-0.163092,109.408906,8,3.00,50,1,0

A,WIOP,PANGSUMA,0.838333,112.935556,110,11000,13000,5900,0
R,10,106,5906,98,0,0.000,0,0.836867,112.932717,108,3.00,50,1,0
R,28,286,5906,98,0,0.000,0,0.832244,112.948253,110,3.00,50,1,0

A,WIOR,TANJUNG RIMBA,-0.416667,110.466667,656,11000,13000,1300,0
R,01,10,1312,82,0,0.000,0,-0.416667,110.466667,656,3.00,40,2,0
R,19,190,1312,82,0,0.000,0,-0.416667,110.466667,656,3.00,40,2,0

A,WIOS,TEBELIAN,-0.041667,111.456389,97,11000,13000,5900,0
R,09,90,5971,98,0,0.000,0,-0.045189,111.448711,87,3.00,50,1,0
R,27,270,5971,98,0,0.000,0,-0.045186,111.465047,97,3.00,50,1,0

A,WIOY,SUTI,0.883333,109.833333,1312,11000,13000,1400,0
R,07,70,1444,82,0,0.000,0,0.883333,109.833333,1312,3.00,40,2,0
R,25,250,1444,82,0,0.000,0,0.883333,109.833333,1312,3.00,40,2,0

A,WIPB,SILAMPARI,-3.284167,102.914167,325,11000,13000,7200,0
R,02,18,7283,148,0,0.000,0,-3.297222,102.911547,325,3.00,50,1,0
R,20,198,7283,148,0,0.000,0,-3.278125,102.917692,316,3.00,50,1,0

A,WIPD,BANDING ANGUNG,-4.800000,103.950000,2133,11000,13000,2900,0
R,16,160,2953,75,0,0.000,0,-4.800000,103.950000,2133,3.00,40,1,0
R,34,340,2953,75,0,0.000,0,-4.800000,103.950000,2133,3.00,40,1,0

A,WIPO,GATOT SOEBROTO,-4.393889,104.402778,348,11000,13000,6800,0
R,03,29,6890,131,0,0.000,0,-4.400142,104.396742,348,3.00,50,1,0
R,21,209,6890,131,0,0.000,0,-4.383547,104.405900,348,3.00,50,1,0

A,WIPP,SULTAN MAHMUD BADARU,-2.900278,104.700000,49,11000,13000,9800,0
R,11,112,9843,148,1,111.100,112,-2.892175,104.685367,49,3.00,50,1,0
R,29,292,9843,148,1,110.500,292,-2.902647,104.710256,39,3.00,50,1,0

A,WIPY,ATUNG BUNGSU,-4.024722,103.378611,2093,11000,13000,4300,0
R,06,60,4396,98,0,0.000,0,-4.025631,103.373681,2093,3.00,40,1,0
R,24,240,4396,98,0,0.000,0,-4.019600,103.384239,1978,3.00,40,1,0

A,WIRR,BUDIARTO,-6.293333,106.568056,140,11000,13000,5900,0
R,04,43,5249,148,0,0.000,0,-6.295233,106.567808,136,3.00,50,1,0
R,12,119,5981,148,0,0.000,0,-6.287983,106.560808,134,3.00,40,1,0
R,22,223,5249,148,0,0.000,0,-6.284775,106.577797,125,3.00,40,1,0
R,30,299,5981,148,0,0.000,0,-6.296119,106.575142,140,3.00,50,1,0

A,WISA,SMART SEMELAGI,1.000556,109.046389,10,11000,13000,2500,0
R,11,108,2592,59,0,0.000,0,0.999208,109.048578,10,3.00,40,1,0
R,29,288,2592,59,0,0.000,0,0.997000,109.055322,8,3.00,40,1,0

A,WITC,CUT NYAK DHIEN NAGAN,4.048056,96.250000,6,11000,13000,5900,0
R,14,139,5906,98,0,0.000,0,4.047078,96.247958,6,3.00,50,1,0
R,32,319,5906,98,0,0.000,0,4.034906,96.258706,6,3.00,50,1,0

A,WITK,REMBELE,4.723333,96.848056,4629,11000,13000,7300,0
R,09,90,7382,98,0,0.000,0,4.721078,96.838008,4597,3.00,50,1,0
R,27,270,7382,98,0,0.000,0,4.721167,96.858281,4629,3.00,50,1,0

A,WITL,LHOK SUKON,5.073056,97.255278,28,18000,18000,3600,0
R,16,156,3658,75,0,0.000,0,5.073889,97.256944,87,3.00,40,1,0
R,34,336,3658,75,0,0.000,0,5.064722,97.261111,62,3.00,40,1,0

A,WITN,MAIMUN SALEH,5.876389,95.337500,433,11000,13000,6000,0
R,10,98,6070,98,0,0.000,0,5.875911,95.331108,433,3.00,40,1,0
R,28,278,6070,98,0,0.000,0,5.873619,95.347656,360,3.00,50,1,0

A,WITT,SULTAN ISKANDAR MUDA,5.516944,95.420000,69,11000,13000,9800,0
R,17,169,9843,148,1,111.300,169,5.539053,95.417097,65,3.00,53,1,0
R,35,349,9843,148,0,0.000,0,5.512486,95.422581,69,3.00,50,1,0